1 0 0 0 0 1 0 0 0 0 1 0 0 0 0 1
 0.275015  0.120831 -0.953817         0 -0.804099  0.572758 -0.159289         0 0.527059  0.81077 0.254677        0  3.40188 -1.05617  2.83099        1
0.682758 0.650386 0.332926        0 -0.716804 0.684517  0.13277        0 -0.141542 -0.329293  0.933559         0 -1.64777   2.6823 -2.22225        1
 0.134246 -0.769133   0.62483         0  -0.64411 -0.546897 -0.534814         0  0.753061 -0.330662 -0.568825         0 -1.35216 0.134009   4.5223        1
 0.217257  -0.29537 -0.930353         0  0.613391 -0.700109  0.365512         0 -0.759309  -0.65008 0.0290739         0 -3.58397  1.06969 -4.83699        1
0.198124 0.760739  0.61808        0 -0.980154 0.149418  0.13028        0 0.00675736 -0.631625  0.775245         0  -3.43321 -0.990556   -3.7021         1
 0.641654 -0.677201  -0.36011         0 -0.0986841  0.392714 -0.914351         0 0.760619 0.622234 0.185158        0 0.129324 3.39112  1.1264       1
-0.123038 -0.153431  0.980469         0 -0.978206 -0.147758 -0.145877         0  0.167254  -0.97705 -0.131908         0 -0.0641701  4.72775 -2.07483        1
0.309857 0.945459 0.100482        0 0.172822 -0.15993 0.971882        0  0.934944 -0.283779 -0.212951         0 -0.997714  3.91529 -2.16685        1
-0.184184 -0.483505 -0.855745         0  0.303665 -0.856038  0.418313         0 -0.934807 -0.182813  0.304492         0 -4.30245  4.49327 0.259954        1
